2 20 20 
8
0 -1 0 1 1 2 -1
1 0 1 0 3 4 -1
2 0 1 0 5 6 -1
3 1 2 1 7 8 -1
4 1 2 0 9 10 -1
5 2 2 1 11 12 -1
6 2 2 0 13 14 -1
7 3 3 1 15 16 -1
8 3 3 0 17 18 -1
9 4 3 0 19 20 -1
10 4 3 1 21 22 -1
11 5 3 0 23 24 -1
12 5 3 1 25 26 -1
13 6 3 1 27 28 -1
14 6 3 0 29 30 -1
15 7 4 0 31 32 -1
16 7 4 0 33 34 -1
17 8 4 0 35 36 -1
18 8 4 0 37 38 -1
19 9 4 1 39 40 -1
20 9 4 0 41 42 -1
21 10 4 1 43 44 -1
22 10 4 1 45 46 -1
23 11 4 1 47 48 -1
24 11 4 0 49 50 -1
25 12 4 1 51 52 -1
26 12 4 1 53 54 -1
27 13 4 1 55 56 -1
28 13 4 0 57 58 -1
29 14 4 0 59 60 -1
30 14 4 0 61 62 -1
31 15 5 0 63 64 -1
32 15 5 0 65 66 -1
33 16 5 0 67 68 -1
34 16 5 0 69 70 -1
35 17 5 0 71 72 -1
36 17 5 0 73 74 -1
37 18 5 0 75 76 -1
38 18 5 0 77 78 -1
39 19 5 1 79 80 -1
40 19 5 0 81 82 -1
41 20 5 0 83 84 -1
42 20 5 0 85 86 -1
43 21 5 1 87 88 -1
44 21 5 1 89 90 -1
45 22 5 1 91 92 -1
46 22 5 1 93 94 -1
47 23 5 1 95 96 -1
48 23 5 1 97 98 -1
49 24 5 1 99 100 -1
50 24 5 0 101 102 -1
51 25 5 1 103 104 -1
52 25 5 1 105 106 -1
53 26 5 1 107 108 -1
54 26 5 1 109 110 -1
55 27 5 1 111 112 -1
56 27 5 0 113 114 -1
57 28 5 0 115 116 -1
58 28 5 0 117 118 -1
59 29 5 0 119 120 -1
60 29 5 0 121 122 -1
61 30 5 0 123 124 -1
62 30 5 0 125 126 -1
63 31 6 0 127 128 -1
64 31 6 0 129 130 -1
65 32 6 0 131 132 -1
66 32 6 0 133 134 -1
67 33 6 0 135 136 -1
68 33 6 0 137 138 -1
69 34 6 0 139 140 -1
70 34 6 0 141 142 -1
71 35 6 0 143 144 -1
72 35 6 0 145 146 -1
73 36 6 0 147 148 -1
74 36 6 0 149 150 -1
75 37 6 0 151 152 -1
76 37 6 0 153 154 -1
77 38 6 0 155 156 -1
78 38 6 0 157 158 -1
79 39 6 1 159 160 -1
80 39 6 1 161 162 -1
81 40 6 0 163 164 -1
82 40 6 0 165 166 -1
83 41 6 0 167 168 -1
84 41 6 0 169 170 -1
85 42 6 0 171 172 -1
86 42 6 0 173 174 -1
87 43 6 0 175 176 -1
88 43 6 1 177 178 -1
89 44 6 1 179 180 -1
90 44 6 1 181 182 -1
91 45 6 1 183 184 -1
92 45 6 1 185 186 -1
93 46 6 1 187 188 -1
94 46 6 1 189 190 -1
95 47 6 1 191 192 -1
96 47 6 1 193 194 -1
97 48 6 1 195 196 -1
98 48 6 1 197 198 -1
99 49 6 0 199 200 -1
100 49 6 1 201 202 -1
101 50 6 0 203 204 -1
102 50 6 0 205 206 -1
103 51 6 1 207 208 -1
104 51 6 1 209 210 -1
105 52 6 1 211 212 -1
106 52 6 1 213 214 -1
107 53 6 1 215 216 -1
108 53 6 1 217 218 -1
109 54 6 1 219 220 -1
110 54 6 1 221 222 -1
111 55 6 0 223 224 -1
112 55 6 1 225 226 -1
113 56 6 1 227 228 -1
114 56 6 0 229 230 -1
115 57 6 0 231 232 -1
116 57 6 0 233 234 -1
117 58 6 0 235 236 -1
118 58 6 0 237 238 -1
119 59 6 0 239 240 -1
120 59 6 0 241 242 -1
121 60 6 0 243 244 -1
122 60 6 0 245 246 -1
123 61 6 0 247 248 -1
124 61 6 0 249 250 -1
125 62 6 0 251 252 -1
126 62 6 0 253 254 -1
127 63 7 0 255 256 -1
128 63 7 0 257 258 -1
129 64 7 0 259 260 -1
130 64 7 0 261 262 -1
131 65 7 0 263 264 -1
132 65 7 0 265 266 -1
133 66 7 0 267 268 -1
134 66 7 0 269 270 -1
135 67 7 0 271 272 -1
136 67 7 0 273 274 -1
137 68 7 0 275 276 -1
138 68 7 0 277 278 -1
139 69 7 0 279 280 -1
140 69 7 0 281 282 -1
141 70 7 0 283 284 -1
142 70 7 0 285 286 -1
143 71 7 0 287 288 -1
144 71 7 0 289 290 -1
145 72 7 0 291 292 -1
146 72 7 0 293 294 -1
147 73 7 0 295 296 -1
148 73 7 0 297 298 -1
149 74 7 0 299 300 -1
150 74 7 0 301 302 -1
151 75 7 0 303 304 -1
152 75 7 0 305 306 -1
153 76 7 0 307 308 -1
154 76 7 0 309 310 -1
155 77 7 0 311 312 -1
156 77 7 0 313 314 -1
157 78 7 0 315 316 -1
158 78 7 0 317 318 -1
159 79 7 1 319 320 -1
160 79 7 0 321 322 -1
161 80 7 1 323 324 -1
162 80 7 1 325 326 -1
163 81 7 0 327 328 -1
164 81 7 0 329 330 -1
165 82 7 0 331 332 -1
166 82 7 0 333 334 -1
167 83 7 0 335 336 -1
168 83 7 0 337 338 -1
169 84 7 0 339 340 -1
170 84 7 0 341 342 -1
171 85 7 0 343 344 -1
172 85 7 0 345 346 -1
173 86 7 1 347 348 -1
174 86 7 0 349 350 -1
175 87 7 0 351 352 -1
176 87 7 1 353 354 -1
177 88 7 1 355 356 -1
178 88 7 1 357 358 -1
179 89 7 1 359 360 -1
180 89 7 1 361 362 -1
181 90 7 1 363 364 -1
182 90 7 1 365 366 -1
183 91 7 1 367 368 -1
184 91 7 1 369 370 -1
185 92 7 1 371 372 -1
186 92 7 1 373 374 -1
187 93 7 1 375 376 -1
188 93 7 1 377 378 -1
189 94 7 1 379 380 -1
190 94 7 1 381 382 -1
191 95 7 0 383 384 -1
192 95 7 1 385 386 -1
193 96 7 0 387 388 -1
194 96 7 1 389 390 -1
195 97 7 0 391 392 -1
196 97 7 1 393 394 -1
197 98 7 1 395 396 -1
198 98 7 1 397 398 -1
199 99 7 0 399 400 -1
200 99 7 0 401 402 -1
201 100 7 1 403 404 -1
202 100 7 1 405 406 -1
203 101 7 0 407 408 -1
204 101 7 0 409 410 -1
205 102 7 0 411 412 -1
206 102 7 0 413 414 -1
207 103 7 1 415 416 -1
208 103 7 1 417 418 -1
209 104 7 1 419 420 -1
210 104 7 1 421 422 -1
211 105 7 1 423 424 -1
212 105 7 1 425 426 -1
213 106 7 1 427 428 -1
214 106 7 1 429 430 -1
215 107 7 1 431 432 -1
216 107 7 1 433 434 -1
217 108 7 1 435 436 -1
218 108 7 1 437 438 -1
219 109 7 1 439 440 -1
220 109 7 1 441 442 -1
221 110 7 1 443 444 -1
222 110 7 1 445 446 -1
223 111 7 0 447 448 -1
224 111 7 0 449 450 -1
225 112 7 1 451 452 -1
226 112 7 1 453 454 -1
227 113 7 0 455 456 -1
228 113 7 1 457 458 -1
229 114 7 1 459 460 -1
230 114 7 0 461 462 -1
231 115 7 0 463 464 -1
232 115 7 0 465 466 -1
233 116 7 0 467 468 -1
234 116 7 0 469 470 -1
235 117 7 0 471 472 -1
236 117 7 0 473 474 -1
237 118 7 0 475 476 -1
238 118 7 0 477 478 -1
239 119 7 0 479 480 -1
240 119 7 0 481 482 -1
241 120 7 0 483 484 -1
242 120 7 0 485 486 -1
243 121 7 0 487 488 -1
244 121 7 1 489 490 -1
245 122 7 0 491 492 -1
246 122 7 0 493 494 -1
247 123 7 0 495 496 -1
248 123 7 0 497 498 -1
249 124 7 0 499 500 -1
250 124 7 0 501 502 -1
251 125 7 0 503 504 -1
252 125 7 0 505 506 -1
253 126 7 0 507 508 -1
254 126 7 0 509 510 -1
255 127 8 0 511 512 -1
256 127 8 0 513 514 -1
257 128 8 0 515 516 -1
258 128 8 0 517 518 -1
259 129 8 0 519 520 -1
260 129 8 0 521 522 -1
261 130 8 0 523 524 -1
262 130 8 0 525 526 -1
263 131 8 0 527 528 -1
264 131 8 0 529 530 -1
265 132 8 0 531 532 -1
266 132 8 0 533 534 -1
267 133 8 0 535 536 -1
268 133 8 0 537 538 -1
269 134 8 0 539 540 -1
270 134 8 0 541 542 -1
271 135 8 0 543 544 -1
272 135 8 0 545 546 -1
273 136 8 0 547 548 -1
274 136 8 0 549 550 -1
275 137 8 0 551 552 -1
276 137 8 0 553 554 -1
277 138 8 0 555 556 -1
278 138 8 0 557 558 -1
279 139 8 0 559 560 -1
280 139 8 0 561 562 -1
281 140 8 0 563 564 -1
282 140 8 0 565 566 -1
283 141 8 0 567 568 -1
284 141 8 0 569 570 -1
285 142 8 0 571 572 -1
286 142 8 0 573 574 -1
287 143 8 0 575 576 -1
288 143 8 0 577 578 -1
289 144 8 0 579 580 -1
290 144 8 0 581 582 -1
291 145 8 0 583 584 -1
292 145 8 0 585 586 -1
293 146 8 0 587 588 -1
294 146 8 0 589 590 -1
295 147 8 0 591 592 -1
296 147 8 0 593 594 -1
297 148 8 0 595 596 -1
298 148 8 0 597 598 -1
299 149 8 0 599 600 -1
300 149 8 0 601 602 -1
301 150 8 0 603 604 -1
302 150 8 0 605 606 -1
303 151 8 0 607 608 -1
304 151 8 0 609 610 -1
305 152 8 0 611 612 -1
306 152 8 0 613 614 -1
307 153 8 0 615 616 -1
308 153 8 0 617 618 -1
309 154 8 0 619 620 -1
310 154 8 0 621 622 -1
311 155 8 0 623 624 -1
312 155 8 0 625 626 -1
313 156 8 0 627 628 -1
314 156 8 0 629 630 -1
315 157 8 0 631 632 -1
316 157 8 0 633 634 -1
317 158 8 0 635 636 -1
318 158 8 0 637 638 -1
319 159 8 0 639 640 -1
320 159 8 1 641 642 -1
321 160 8 0 643 644 -1
322 160 8 1 645 646 -1
323 161 8 1 647 648 -1
324 161 8 0 649 650 -1
325 162 8 0 651 652 -1
326 162 8 1 653 654 -1
327 163 8 0 655 656 -1
328 163 8 0 657 658 -1
329 164 8 0 659 660 -1
330 164 8 0 661 662 -1
331 165 8 0 663 664 -1
332 165 8 0 665 666 -1
333 166 8 0 667 668 -1
334 166 8 0 669 670 -1
335 167 8 0 671 672 -1
336 167 8 0 673 674 -1
337 168 8 0 675 676 -1
338 168 8 0 677 678 -1
339 169 8 0 679 680 -1
340 169 8 0 681 682 -1
341 170 8 0 683 684 -1
342 170 8 0 685 686 -1
343 171 8 1 687 688 -1
344 171 8 0 689 690 -1
345 172 8 0 691 692 -1
346 172 8 0 693 694 -1
347 173 8 1 695 696 -1
348 173 8 0 697 698 -1
349 174 8 0 699 700 -1
350 174 8 0 701 702 -1
351 175 8 0 703 704 -1
352 175 8 1 705 706 -1
353 176 8 1 707 708 -1
354 176 8 1 709 710 -1
355 177 8 1 711 712 -1
356 177 8 0 713 714 -1
357 178 8 1 715 716 -1
358 178 8 1 717 718 -1
359 179 8 1 719 720 -1
360 179 8 1 721 722 -1
361 180 8 1 723 724 -1
362 180 8 1 725 726 -1
363 181 8 1 727 728 -1
364 181 8 1 729 730 -1
365 182 8 1 731 732 -1
366 182 8 1 733 734 -1
367 183 8 1 735 736 -1
368 183 8 0 737 738 -1
369 184 8 1 739 740 -1
370 184 8 1 741 742 -1
371 185 8 1 743 744 -1
372 185 8 1 745 746 -1
373 186 8 1 747 748 -1
374 186 8 0 749 750 -1
375 187 8 1 751 752 -1
376 187 8 1 753 754 -1
377 188 8 1 755 756 -1
378 188 8 1 757 758 -1
379 189 8 1 759 760 -1
380 189 8 1 761 762 -1
381 190 8 1 763 764 -1
382 190 8 1 765 766 -1
383 191 8 0 767 768 -1
384 191 8 0 769 770 -1
385 192 8 1 771 772 -1
386 192 8 1 773 774 -1
387 193 8 0 775 776 -1
388 193 8 0 777 778 -1
389 194 8 0 779 780 -1
390 194 8 1 781 782 -1
391 195 8 0 783 784 -1
392 195 8 0 785 786 -1
393 196 8 1 787 788 -1
394 196 8 1 789 790 -1
395 197 8 1 791 792 -1
396 197 8 1 793 794 -1
397 198 8 1 795 796 -1
398 198 8 0 797 798 -1
399 199 8 0 799 800 -1
400 199 8 0 801 802 -1
401 200 8 0 803 804 -1
402 200 8 0 805 806 -1
403 201 8 1 807 808 -1
404 201 8 0 809 810 -1
405 202 8 0 811 812 -1
406 202 8 1 813 814 -1
407 203 8 0 815 816 -1
408 203 8 0 817 818 -1
409 204 8 0 819 820 -1
410 204 8 0 821 822 -1
411 205 8 0 823 824 -1
412 205 8 0 825 826 -1
413 206 8 0 827 828 -1
414 206 8 0 829 830 -1
415 207 8 1 831 832 -1
416 207 8 1 833 834 -1
417 208 8 1 835 836 -1
418 208 8 1 837 838 -1
419 209 8 1 839 840 -1
420 209 8 0 841 842 -1
421 210 8 1 843 844 -1
422 210 8 1 845 846 -1
423 211 8 1 847 848 -1
424 211 8 1 849 850 -1
425 212 8 1 851 852 -1
426 212 8 1 853 854 -1
427 213 8 1 855 856 -1
428 213 8 1 857 858 -1
429 214 8 1 859 860 -1
430 214 8 1 861 862 -1
431 215 8 1 863 864 -1
432 215 8 1 865 866 -1
433 216 8 1 867 868 -1
434 216 8 1 869 870 -1
435 217 8 1 871 872 -1
436 217 8 1 873 874 -1
437 218 8 0 875 876 -1
438 218 8 1 877 878 -1
439 219 8 1 879 880 -1
440 219 8 1 881 882 -1
441 220 8 1 883 884 -1
442 220 8 1 885 886 -1
443 221 8 1 887 888 -1
444 221 8 1 889 890 -1
445 222 8 1 891 892 -1
446 222 8 1 893 894 -1
447 223 8 0 895 896 -1
448 223 8 0 897 898 -1
449 224 8 0 899 900 -1
450 224 8 0 901 902 -1
451 225 8 0 903 904 -1
452 225 8 1 905 906 -1
453 226 8 0 907 908 -1
454 226 8 1 909 910 -1
455 227 8 0 911 912 -1
456 227 8 0 913 914 -1
457 228 8 0 915 916 -1
458 228 8 1 917 918 -1
459 229 8 0 919 920 -1
460 229 8 1 921 922 -1
461 230 8 1 923 924 -1
462 230 8 0 925 926 -1
463 231 8 0 927 928 -1
464 231 8 0 929 930 -1
465 232 8 0 931 932 -1
466 232 8 0 933 934 -1
467 233 8 0 935 936 -1
468 233 8 0 937 938 -1
469 234 8 1 939 940 -1
470 234 8 0 941 942 -1
471 235 8 1 943 944 -1
472 235 8 0 945 946 -1
473 236 8 0 947 948 -1
474 236 8 0 949 950 -1
475 237 8 0 951 952 -1
476 237 8 0 953 954 -1
477 238 8 1 955 956 -1
478 238 8 0 957 958 -1
479 239 8 0 959 960 -1
480 239 8 0 961 962 -1
481 240 8 0 963 964 -1
482 240 8 0 965 966 -1
483 241 8 0 967 968 -1
484 241 8 1 969 970 -1
485 242 8 0 971 972 -1
486 242 8 0 973 974 -1
487 243 8 0 975 976 -1
488 243 8 0 977 978 -1
489 244 8 1 979 980 -1
490 244 8 0 981 982 -1
491 245 8 0 983 984 -1
492 245 8 0 985 986 -1
493 246 8 0 987 988 -1
494 246 8 0 989 990 -1
495 247 8 0 991 992 -1
496 247 8 0 993 994 -1
497 248 8 0 995 996 -1
498 248 8 0 997 998 -1
499 249 8 0 999 1000 -1
500 249 8 0 1001 1002 -1
501 250 8 0 1003 1004 -1
502 250 8 0 1005 1006 -1
503 251 8 0 1007 1008 -1
504 251 8 0 1009 1010 -1
505 252 8 0 1011 1012 -1
506 252 8 0 1013 1014 -1
507 253 8 0 1015 1016 -1
508 253 8 0 1017 1018 -1
509 254 8 0 1019 1020 -1
510 254 8 0 1021 1022 -1
511 255 9 0 1023 1024 -1
512 255 9 0 1025 1026 -1
513 256 9 0 1027 1028 -1
514 256 9 0 1029 1030 -1
515 257 9 0 1031 1032 -1
516 257 9 0 1033 1034 -1
517 258 9 0 1035 1036 -1
518 258 9 0 1037 1038 -1
519 259 9 0 1039 1040 -1
520 259 9 0 1041 1042 -1
521 260 9 0 1043 1044 -1
522 260 9 0 1045 1046 -1
523 261 9 0 1047 1048 -1
524 261 9 0 1049 1050 -1
525 262 9 0 1051 1052 -1
526 262 9 0 1053 1054 -1
527 263 9 0 1055 1056 -1
528 263 9 0 1057 1058 -1
529 264 9 0 1059 1060 -1
530 264 9 0 1061 1062 -1
531 265 9 0 1063 1064 -1
532 265 9 0 1065 1066 -1
533 266 9 0 1067 1068 -1
534 266 9 0 1069 1070 -1
535 267 9 0 1071 1072 -1
536 267 9 0 1073 1074 -1
537 268 9 0 1075 1076 -1
538 268 9 0 1077 1078 -1
539 269 9 0 1079 1080 -1
540 269 9 0 1081 1082 -1
541 270 9 0 1083 1084 -1
542 270 9 0 1085 1086 -1
543 271 9 0 1087 1088 -1
544 271 9 0 1089 1090 -1
545 272 9 0 1091 1092 -1
546 272 9 0 1093 1094 -1
547 273 9 0 1095 1096 -1
548 273 9 0 1097 1098 -1
549 274 9 0 1099 1100 -1
550 274 9 0 1101 1102 -1
551 275 9 0 1103 1104 -1
552 275 9 0 1105 1106 -1
553 276 9 0 1107 1108 -1
554 276 9 0 1109 1110 -1
555 277 9 0 1111 1112 -1
556 277 9 0 1113 1114 -1
557 278 9 0 1115 1116 -1
558 278 9 0 1117 1118 -1
559 279 9 0 1119 1120 -1
560 279 9 0 1121 1122 -1
561 280 9 0 1123 1124 -1
562 280 9 0 1125 1126 -1
563 281 9 0 1127 1128 -1
564 281 9 0 1129 1130 -1
565 282 9 0 1131 1132 -1
566 282 9 0 1133 1134 -1
567 283 9 0 1135 1136 -1
568 283 9 0 1137 1138 -1
569 284 9 0 1139 1140 -1
570 284 9 0 1141 1142 -1
571 285 9 0 1143 1144 -1
572 285 9 0 1145 1146 -1
573 286 9 0 1147 1148 -1
574 286 9 0 1149 1150 -1
575 287 9 0 1151 1152 -1
576 287 9 0 1153 1154 -1
577 288 9 0 1155 1156 -1
578 288 9 0 1157 1158 -1
579 289 9 0 1159 1160 -1
580 289 9 0 1161 1162 -1
581 290 9 0 1163 1164 -1
582 290 9 0 1165 1166 -1
583 291 9 0 1167 1168 -1
584 291 9 0 1169 1170 -1
585 292 9 0 1171 1172 -1
586 292 9 0 1173 1174 -1
587 293 9 0 1175 1176 -1
588 293 9 0 1177 1178 -1
589 294 9 0 1179 1180 -1
590 294 9 0 1181 1182 -1
591 295 9 0 1183 1184 -1
592 295 9 0 1185 1186 -1
593 296 9 0 1187 1188 -1
594 296 9 0 1189 1190 -1
595 297 9 0 1191 1192 -1
596 297 9 0 1193 1194 -1
597 298 9 0 1195 1196 -1
598 298 9 0 1197 1198 -1
599 299 9 0 1199 1200 -1
600 299 9 0 1201 1202 -1
601 300 9 0 1203 1204 -1
602 300 9 0 1205 1206 -1
603 301 9 0 1207 1208 -1
604 301 9 0 1209 1210 -1
605 302 9 0 1211 1212 -1
606 302 9 0 1213 1214 -1
607 303 9 0 1215 1216 -1
608 303 9 0 1217 1218 -1
609 304 9 0 1219 1220 -1
610 304 9 0 1221 1222 -1
611 305 9 0 1223 1224 -1
612 305 9 0 1225 1226 -1
613 306 9 0 1227 1228 -1
614 306 9 0 1229 1230 -1
615 307 9 0 1231 1232 -1
616 307 9 0 1233 1234 -1
617 308 9 0 1235 1236 -1
618 308 9 0 1237 1238 -1
619 309 9 0 1239 1240 -1
620 309 9 0 1241 1242 -1
621 310 9 0 1243 1244 -1
622 310 9 0 1245 1246 -1
623 311 9 0 1247 1248 -1
624 311 9 0 1249 1250 -1
625 312 9 0 1251 1252 -1
626 312 9 0 1253 1254 -1
627 313 9 0 1255 1256 -1
628 313 9 0 1257 1258 -1
629 314 9 0 1259 1260 -1
630 314 9 0 1261 1262 -1
631 315 9 0 1263 1264 -1
632 315 9 0 1265 1266 -1
633 316 9 0 1267 1268 -1
634 316 9 0 1269 1270 -1
635 317 9 0 1271 1272 -1
636 317 9 0 1273 1274 -1
637 318 9 0 1275 1276 -1
638 318 9 0 1277 1278 -1
639 319 9 0 1279 1280 -1
640 319 9 0 1281 1282 -1
641 320 9 0 1283 1284 -1
642 320 9 0 1285 1286 -1
643 321 9 0 1287 1288 -1
644 321 9 0 1289 1290 -1
645 322 9 0 1291 1292 -1
646 322 9 1 1293 1294 -1
647 323 9 0 1295 1296 -1
648 323 9 0 1297 1298 -1
649 324 9 0 1299 1300 -1
650 324 9 0 1301 1302 -1
651 325 9 0 1303 1304 -1
652 325 9 0 1305 1306 -1
653 326 9 0 1307 1308 -1
654 326 9 0 1309 1310 -1
655 327 9 0 1311 1312 -1
656 327 9 0 1313 1314 -1
657 328 9 0 1315 1316 -1
658 328 9 1 1317 1318 -1
659 329 9 0 1319 1320 -1
660 329 9 0 1321 1322 -1
661 330 9 0 1323 1324 -1
662 330 9 0 1325 1326 -1
663 331 9 0 1327 1328 -1
664 331 9 0 1329 1330 -1
665 332 9 0 1331 1332 -1
666 332 9 0 1333 1334 -1
667 333 9 0 1335 1336 -1
668 333 9 0 1337 1338 -1
669 334 9 0 1339 1340 -1
670 334 9 0 1341 1342 -1
671 335 9 0 1343 1344 -1
672 335 9 0 1345 1346 -1
673 336 9 0 1347 1348 -1
674 336 9 0 1349 1350 -1
675 337 9 0 1351 1352 -1
676 337 9 0 1353 1354 -1
677 338 9 0 1355 1356 -1
678 338 9 0 1357 1358 -1
679 339 9 0 1359 1360 -1
680 339 9 0 1361 1362 -1
681 340 9 0 1363 1364 -1
682 340 9 0 1365 1366 -1
683 341 9 0 1367 1368 -1
684 341 9 0 1369 1370 -1
685 342 9 0 1371 1372 -1
686 342 9 0 1373 1374 -1
687 343 9 1 1375 1376 -1
688 343 9 0 1377 1378 -1
689 344 9 1 1379 1380 -1
690 344 9 0 1381 1382 -1
691 345 9 0 1383 1384 -1
692 345 9 0 1385 1386 -1
693 346 9 1 1387 1388 -1
694 346 9 0 1389 1390 -1
695 347 9 1 1391 1392 -1
696 347 9 1 1393 1394 -1
697 348 9 0 1395 1396 -1
698 348 9 0 1397 1398 -1
699 349 9 0 1399 1400 -1
700 349 9 0 1401 1402 -1
701 350 9 0 1403 1404 -1
702 350 9 0 1405 1406 -1
703 351 9 1 1407 1408 -1
704 351 9 0 1409 1410 -1
705 352 9 1 1411 1412 -1
706 352 9 0 1413 1414 -1
707 353 9 1 1415 1416 -1
708 353 9 1 1417 1418 -1
709 354 9 1 1419 1420 -1
710 354 9 1 1421 1422 -1
711 355 9 1 1423 1424 -1
712 355 9 1 1425 1426 -1
713 356 9 1 1427 1428 -1
714 356 9 0 1429 1430 -1
715 357 9 0 1431 1432 -1
716 357 9 1 1433 1434 -1
717 358 9 1 1435 1436 -1
718 358 9 0 1437 1438 -1
719 359 9 1 1439 1440 -1
720 359 9 1 1441 1442 -1
721 360 9 1 1443 1444 -1
722 360 9 1 1445 1446 -1
723 361 9 1 1447 1448 -1
724 361 9 1 1449 1450 -1
725 362 9 0 1451 1452 -1
726 362 9 1 1453 1454 -1
727 363 9 1 1455 1456 -1
728 363 9 1 1457 1458 -1
729 364 9 1 1459 1460 -1
730 364 9 1 1461 1462 -1
731 365 9 1 1463 1464 -1
732 365 9 1 1465 1466 -1
733 366 9 1 1467 1468 -1
734 366 9 1 1469 1470 -1
735 367 9 1 1471 1472 -1
736 367 9 1 1473 1474 -1
737 368 9 0 1475 1476 -1
738 368 9 0 1477 1478 -1
739 369 9 1 1479 1480 -1
740 369 9 1 1481 1482 -1
741 370 9 1 1483 1484 -1
742 370 9 1 1485 1486 -1
743 371 9 1 1487 1488 -1
744 371 9 1 1489 1490 -1
745 372 9 1 1491 1492 -1
746 372 9 1 1493 1494 -1
747 373 9 1 1495 1496 -1
748 373 9 1 1497 1498 -1
749 374 9 1 1499 1500 -1
750 374 9 1 1501 1502 -1
751 375 9 1 1503 1504 -1
752 375 9 1 1505 1506 -1
753 376 9 1 1507 1508 -1
754 376 9 0 1509 1510 -1
755 377 9 1 1511 1512 -1
756 377 9 1 1513 1514 -1
757 378 9 1 1515 1516 -1
758 378 9 0 1517 1518 -1
759 379 9 1 1519 1520 -1
760 379 9 1 1521 1522 -1
761 380 9 1 1523 1524 -1
762 380 9 1 1525 1526 -1
763 381 9 1 1527 1528 -1
764 381 9 0 1529 1530 -1
765 382 9 1 1531 1532 -1
766 382 9 0 1533 1534 -1
767 383 9 0 1535 1536 -1
768 383 9 0 1537 1538 -1
769 384 9 0 1539 1540 -1
770 384 9 0 1541 1542 -1
771 385 9 1 1543 1544 -1
772 385 9 0 1545 1546 -1
773 386 9 0 1547 1548 -1
774 386 9 0 1549 1550 -1
775 387 9 0 1551 1552 -1
776 387 9 0 1553 1554 -1
777 388 9 0 1555 1556 -1
778 388 9 0 1557 1558 -1
779 389 9 0 1559 1560 -1
780 389 9 0 1561 1562 -1
781 390 9 0 1563 1564 -1
782 390 9 1 1565 1566 -1
783 391 9 0 1567 1568 -1
784 391 9 0 1569 1570 -1
785 392 9 0 1571 1572 -1
786 392 9 0 1573 1574 -1
787 393 9 0 1575 1576 -1
788 393 9 0 1577 1578 -1
789 394 9 1 1579 1580 -1
790 394 9 0 1581 1582 -1
791 395 9 1 1583 1584 -1
792 395 9 1 1585 1586 -1
793 396 9 1 1587 1588 -1
794 396 9 1 1589 1590 -1
795 397 9 1 1591 1592 -1
796 397 9 1 1593 1594 -1
797 398 9 0 1595 1596 -1
798 398 9 0 1597 1598 -1
799 399 9 0 1599 1600 -1
800 399 9 0 1601 1602 -1
801 400 9 0 1603 1604 -1
802 400 9 0 1605 1606 -1
803 401 9 0 1607 1608 -1
804 401 9 0 1609 1610 -1
805 402 9 0 1611 1612 -1
806 402 9 0 1613 1614 -1
807 403 9 1 1615 1616 -1
808 403 9 0 1617 1618 -1
809 404 9 0 1619 1620 -1
810 404 9 0 1621 1622 -1
811 405 9 0 1623 1624 -1
812 405 9 1 1625 1626 -1
813 406 9 1 1627 1628 -1
814 406 9 0 1629 1630 -1
815 407 9 0 1631 1632 -1
816 407 9 0 1633 1634 -1
817 408 9 0 1635 1636 -1
818 408 9 0 1637 1638 -1
819 409 9 0 1639 1640 -1
820 409 9 0 1641 1642 -1
821 410 9 0 1643 1644 -1
822 410 9 0 1645 1646 -1
823 411 9 0 1647 1648 -1
824 411 9 0 1649 1650 -1
825 412 9 0 1651 1652 -1
826 412 9 0 1653 1654 -1
827 413 9 0 1655 1656 -1
828 413 9 0 1657 1658 -1
829 414 9 0 1659 1660 -1
830 414 9 0 1661 1662 -1
831 415 9 1 1663 1664 -1
832 415 9 0 1665 1666 -1
833 416 9 1 1667 1668 -1
834 416 9 1 1669 1670 -1
835 417 9 1 1671 1672 -1
836 417 9 1 1673 1674 -1
837 418 9 0 1675 1676 -1
838 418 9 1 1677 1678 -1
839 419 9 1 1679 1680 -1
840 419 9 1 1681 1682 -1
841 420 9 0 1683 1684 -1
842 420 9 1 1685 1686 -1
843 421 9 0 1687 1688 -1
844 421 9 1 1689 1690 -1
845 422 9 0 1691 1692 -1
846 422 9 1 1693 1694 -1
847 423 9 1 1695 1696 -1
848 423 9 1 1697 1698 -1
849 424 9 1 1699 1700 -1
850 424 9 1 1701 1702 -1
851 425 9 1 1703 1704 -1
852 425 9 1 1705 1706 -1
853 426 9 1 1707 1708 -1
854 426 9 1 1709 1710 -1
855 427 9 0 1711 1712 -1
856 427 9 1 1713 1714 -1
857 428 9 1 1715 1716 -1
858 428 9 0 1717 1718 -1
859 429 9 1 1719 1720 -1
860 429 9 1 1721 1722 -1
861 430 9 0 1723 1724 -1
862 430 9 1 1725 1726 -1
863 431 9 1 1727 1728 -1
864 431 9 1 1729 1730 -1
865 432 9 1 1731 1732 -1
866 432 9 1 1733 1734 -1
867 433 9 0 1735 1736 -1
868 433 9 1 1737 1738 -1
869 434 9 1 1739 1740 -1
870 434 9 1 1741 1742 -1
871 435 9 1 1743 1744 -1
872 435 9 1 1745 1746 -1
873 436 9 1 1747 1748 -1
874 436 9 1 1749 1750 -1
875 437 9 0 1751 1752 -1
876 437 9 0 1753 1754 -1
877 438 9 1 1755 1756 -1
878 438 9 1 1757 1758 -1
879 439 9 0 1759 1760 -1
880 439 9 1 1761 1762 -1
881 440 9 1 1763 1764 -1
882 440 9 1 1765 1766 -1
883 441 9 1 1767 1768 -1
884 441 9 1 1769 1770 -1
885 442 9 1 1771 1772 -1
886 442 9 0 1773 1774 -1
887 443 9 1 1775 1776 -1
888 443 9 1 1777 1778 -1
889 444 9 1 1779 1780 -1
890 444 9 1 1781 1782 -1
891 445 9 1 1783 1784 -1
892 445 9 0 1785 1786 -1
893 446 9 1 1787 1788 -1
894 446 9 1 1789 1790 -1
895 447 9 0 1791 1792 -1
896 447 9 0 1793 1794 -1
897 448 9 0 1795 1796 -1
898 448 9 0 1797 1798 -1
899 449 9 0 1799 1800 -1
900 449 9 0 1801 1802 -1
901 450 9 0 1803 1804 -1
902 450 9 0 1805 1806 -1
903 451 9 0 1807 1808 -1
904 451 9 0 1809 1810 -1
905 452 9 1 1811 1812 -1
906 452 9 0 1813 1814 -1
907 453 9 0 1815 1816 -1
908 453 9 0 1817 1818 -1
909 454 9 0 1819 1820 -1
910 454 9 1 1821 1822 -1
911 455 9 0 1823 1824 -1
912 455 9 0 1825 1826 -1
913 456 9 0 1827 1828 -1
914 456 9 0 1829 1830 -1
915 457 9 0 1831 1832 -1
916 457 9 0 1833 1834 -1
917 458 9 1 1835 1836 -1
918 458 9 0 1837 1838 -1
919 459 9 0 1839 1840 -1
920 459 9 0 1841 1842 -1
921 460 9 1 1843 1844 -1
922 460 9 1 1845 1846 -1
923 461 9 1 1847 1848 -1
924 461 9 0 1849 1850 -1
925 462 9 0 1851 1852 -1
926 462 9 0 1853 1854 -1
927 463 9 0 1855 1856 -1
928 463 9 0 1857 1858 -1
929 464 9 0 1859 1860 -1
930 464 9 0 1861 1862 -1
931 465 9 0 1863 1864 -1
932 465 9 0 1865 1866 -1
933 466 9 0 1867 1868 -1
934 466 9 0 1869 1870 -1
935 467 9 0 1871 1872 -1
936 467 9 0 1873 1874 -1
937 468 9 0 1875 1876 -1
938 468 9 0 1877 1878 -1
939 469 9 0 1879 1880 -1
940 469 9 1 1881 1882 -1
941 470 9 0 1883 1884 -1
942 470 9 0 1885 1886 -1
943 471 9 0 1887 1888 -1
944 471 9 1 1889 1890 -1
945 472 9 0 1891 1892 -1
946 472 9 1 1893 1894 -1
947 473 9 0 1895 1896 -1
948 473 9 0 1897 1898 -1
949 474 9 0 1899 1900 -1
950 474 9 0 1901 1902 -1
951 475 9 0 1903 1904 -1
952 475 9 0 1905 1906 -1
953 476 9 0 1907 1908 -1
954 476 9 0 1909 1910 -1
955 477 9 1 1911 1912 -1
956 477 9 1 1913 1914 -1
957 478 9 0 1915 1916 -1
958 478 9 0 1917 1918 -1
959 479 9 0 1919 1920 -1
960 479 9 0 1921 1922 -1
961 480 9 0 1923 1924 -1
962 480 9 0 1925 1926 -1
963 481 9 1 1927 1928 -1
964 481 9 0 1929 1930 -1
965 482 9 0 1931 1932 -1
966 482 9 1 1933 1934 -1
967 483 9 0 1935 1936 -1
968 483 9 0 1937 1938 -1
969 484 9 1 1939 1940 -1
970 484 9 0 1941 1942 -1
971 485 9 0 1943 1944 -1
972 485 9 0 1945 1946 -1
973 486 9 0 1947 1948 -1
974 486 9 0 1949 1950 -1
975 487 9 0 1951 1952 -1
976 487 9 0 1953 1954 -1
977 488 9 0 1955 1956 -1
978 488 9 0 1957 1958 -1
979 489 9 1 1959 1960 -1
980 489 9 1 1961 1962 -1
981 490 9 0 1963 1964 -1
982 490 9 0 1965 1966 -1
983 491 9 0 1967 1968 -1
984 491 9 0 1969 1970 -1
985 492 9 0 1971 1972 -1
986 492 9 0 1973 1974 -1
987 493 9 0 1975 1976 -1
988 493 9 0 1977 1978 -1
989 494 9 0 1979 1980 -1
990 494 9 0 1981 1982 -1
991 495 9 0 1983 1984 -1
992 495 9 0 1985 1986 -1
993 496 9 0 1987 1988 -1
994 496 9 0 1989 1990 -1
995 497 9 0 1991 1992 -1
996 497 9 0 1993 1994 -1
997 498 9 0 1995 1996 -1
998 498 9 0 1997 1998 -1
999 499 9 0 1999 2000 -1
1000 499 9 0 2001 2002 -1
1001 500 9 0 2003 2004 -1
1002 500 9 0 2005 2006 -1
1003 501 9 0 2007 2008 -1
1004 501 9 0 2009 2010 -1
1005 502 9 0 2011 2012 -1
1006 502 9 0 2013 2014 -1
1007 503 9 0 2015 2016 -1
1008 503 9 0 2017 2018 -1
1009 504 9 0 2019 2020 -1
1010 504 9 0 2021 2022 -1
1011 505 9 1 2023 2024 -1
1012 505 9 0 2025 2026 -1
1013 506 9 0 2027 2028 -1
1014 506 9 0 2029 2030 -1
1015 507 9 0 2031 2032 -1
1016 507 9 0 2033 2034 -1
1017 508 9 0 2035 2036 -1
1018 508 9 1 2037 2038 -1
1019 509 9 0 2039 2040 -1
1020 509 9 0 2041 2042 -1
1021 510 9 0 2043 2044 -1
1022 510 9 0 2045 2046 -1
1023 511 10 -1 -1 -1 -1
1024 511 10 -1 -1 -1 -1
1025 512 10 -1 -1 -1 -1
1026 512 10 -1 -1 -1 -1
1027 513 10 -1 -1 -1 -1
1028 513 10 -1 -1 -1 -1
1029 514 10 -1 -1 -1 -1
1030 514 10 -1 -1 -1 -1
1031 515 10 -1 -1 -1 -1
1032 515 10 -1 -1 -1 -1
1033 516 10 -1 -1 -1 -1
1034 516 10 -1 -1 -1 -1
1035 517 10 -1 -1 -1 -1
1036 517 10 -1 -1 -1 -1
1037 518 10 -1 -1 -1 -1
1038 518 10 -1 -1 -1 -1
1039 519 10 -1 -1 -1 -1
1040 519 10 -1 -1 -1 -1
1041 520 10 -1 -1 -1 -1
1042 520 10 -1 -1 -1 -1
1043 521 10 -1 -1 -1 -1
1044 521 10 -1 -1 -1 -1
1045 522 10 -1 -1 -1 -1
1046 522 10 -1 -1 -1 -1
1047 523 10 -1 -1 -1 -1
1048 523 10 -1 -1 -1 -1
1049 524 10 -1 -1 -1 -1
1050 524 10 -1 -1 -1 -1
1051 525 10 -1 -1 -1 -1
1052 525 10 -1 -1 -1 -1
1053 526 10 -1 -1 -1 -1
1054 526 10 -1 -1 -1 -1
1055 527 10 -1 -1 -1 -1
1056 527 10 -1 -1 -1 -1
1057 528 10 -1 -1 -1 -1
1058 528 10 -1 -1 -1 -1
1059 529 10 -1 -1 -1 -1
1060 529 10 -1 -1 -1 -1
1061 530 10 -1 -1 -1 -1
1062 530 10 -1 -1 -1 -1
1063 531 10 -1 -1 -1 -1
1064 531 10 -1 -1 -1 -1
1065 532 10 -1 -1 -1 -1
1066 532 10 -1 -1 -1 -1
1067 533 10 -1 -1 -1 -1
1068 533 10 -1 -1 -1 -1
1069 534 10 -1 -1 -1 -1
1070 534 10 -1 -1 -1 -1
1071 535 10 -1 -1 -1 -1
1072 535 10 -1 -1 -1 -1
1073 536 10 -1 -1 -1 -1
1074 536 10 -1 -1 -1 -1
1075 537 10 -1 -1 -1 -1
1076 537 10 -1 -1 -1 -1
1077 538 10 -1 -1 -1 -1
1078 538 10 -1 -1 -1 -1
1079 539 10 -1 -1 -1 -1
1080 539 10 -1 -1 -1 -1
1081 540 10 -1 -1 -1 -1
1082 540 10 -1 -1 -1 -1
1083 541 10 -1 -1 -1 -1
1084 541 10 -1 -1 -1 -1
1085 542 10 -1 -1 -1 -1
1086 542 10 -1 -1 -1 -1
1087 543 10 -1 -1 -1 -1
1088 543 10 -1 -1 -1 -1
1089 544 10 -1 -1 -1 -1
1090 544 10 -1 -1 -1 -1
1091 545 10 -1 -1 -1 -1
1092 545 10 -1 -1 -1 -1
1093 546 10 -1 -1 -1 -1
1094 546 10 -1 -1 -1 -1
1095 547 10 -1 -1 -1 -1
1096 547 10 -1 -1 -1 -1
1097 548 10 -1 -1 -1 -1
1098 548 10 -1 -1 -1 -1
1099 549 10 -1 -1 -1 -1
1100 549 10 -1 -1 -1 -1
1101 550 10 -1 -1 -1 -1
1102 550 10 -1 -1 -1 -1
1103 551 10 -1 -1 -1 -1
1104 551 10 -1 -1 -1 -1
1105 552 10 -1 -1 -1 -1
1106 552 10 -1 -1 -1 -1
1107 553 10 -1 -1 -1 -1
1108 553 10 -1 -1 -1 -1
1109 554 10 -1 -1 -1 -1
1110 554 10 -1 -1 -1 -1
1111 555 10 -1 -1 -1 -1
1112 555 10 -1 -1 -1 -1
1113 556 10 -1 -1 -1 -1
1114 556 10 -1 -1 -1 -1
1115 557 10 -1 -1 -1 -1
1116 557 10 -1 -1 -1 -1
1117 558 10 -1 -1 -1 -1
1118 558 10 -1 -1 -1 -1
1119 559 10 -1 -1 -1 -1
1120 559 10 -1 -1 -1 -1
1121 560 10 -1 -1 -1 -1
1122 560 10 -1 -1 -1 -1
1123 561 10 -1 -1 -1 -1
1124 561 10 -1 -1 -1 -1
1125 562 10 -1 -1 -1 -1
1126 562 10 -1 -1 -1 -1
1127 563 10 -1 -1 -1 -1
1128 563 10 -1 -1 -1 -1
1129 564 10 -1 -1 -1 -1
1130 564 10 -1 -1 -1 -1
1131 565 10 -1 -1 -1 -1
1132 565 10 -1 -1 -1 -1
1133 566 10 -1 -1 -1 -1
1134 566 10 -1 -1 -1 -1
1135 567 10 -1 -1 -1 -1
1136 567 10 -1 -1 -1 -1
1137 568 10 -1 -1 -1 -1
1138 568 10 -1 -1 -1 -1
1139 569 10 -1 -1 -1 -1
1140 569 10 -1 -1 -1 -1
1141 570 10 -1 -1 -1 -1
1142 570 10 -1 -1 -1 -1
1143 571 10 -1 -1 -1 -1
1144 571 10 -1 -1 -1 -1
1145 572 10 -1 -1 -1 -1
1146 572 10 -1 -1 -1 -1
1147 573 10 -1 -1 -1 -1
1148 573 10 -1 -1 -1 -1
1149 574 10 -1 -1 -1 -1
1150 574 10 -1 -1 -1 -1
1151 575 10 -1 -1 -1 -1
1152 575 10 -1 -1 -1 -1
1153 576 10 -1 -1 -1 -1
1154 576 10 -1 -1 -1 -1
1155 577 10 -1 -1 -1 -1
1156 577 10 -1 -1 -1 -1
1157 578 10 -1 -1 -1 -1
1158 578 10 -1 -1 -1 -1
1159 579 10 -1 -1 -1 -1
1160 579 10 -1 -1 -1 -1
1161 580 10 -1 -1 -1 -1
1162 580 10 -1 -1 -1 -1
1163 581 10 -1 -1 -1 -1
1164 581 10 -1 -1 -1 -1
1165 582 10 -1 -1 -1 -1
1166 582 10 -1 -1 -1 -1
1167 583 10 -1 -1 -1 -1
1168 583 10 -1 -1 -1 -1
1169 584 10 -1 -1 -1 -1
1170 584 10 -1 -1 -1 -1
1171 585 10 -1 -1 -1 -1
1172 585 10 -1 -1 -1 -1
1173 586 10 -1 -1 -1 -1
1174 586 10 -1 -1 -1 -1
1175 587 10 -1 -1 -1 -1
1176 587 10 -1 -1 -1 -1
1177 588 10 -1 -1 -1 -1
1178 588 10 -1 -1 -1 -1
1179 589 10 -1 -1 -1 -1
1180 589 10 -1 -1 -1 -1
1181 590 10 -1 -1 -1 -1
1182 590 10 -1 -1 -1 -1
1183 591 10 -1 -1 -1 -1
1184 591 10 -1 -1 -1 -1
1185 592 10 -1 -1 -1 -1
1186 592 10 -1 -1 -1 -1
1187 593 10 -1 -1 -1 -1
1188 593 10 -1 -1 -1 -1
1189 594 10 -1 -1 -1 -1
1190 594 10 -1 -1 -1 -1
1191 595 10 -1 -1 -1 -1
1192 595 10 -1 -1 -1 -1
1193 596 10 -1 -1 -1 -1
1194 596 10 -1 -1 -1 -1
1195 597 10 -1 -1 -1 -1
1196 597 10 -1 -1 -1 -1
1197 598 10 -1 -1 -1 -1
1198 598 10 -1 -1 -1 -1
1199 599 10 -1 -1 -1 -1
1200 599 10 -1 -1 -1 -1
1201 600 10 -1 -1 -1 -1
1202 600 10 -1 -1 -1 -1
1203 601 10 -1 -1 -1 -1
1204 601 10 -1 -1 -1 -1
1205 602 10 -1 -1 -1 -1
1206 602 10 -1 -1 -1 -1
1207 603 10 -1 -1 -1 -1
1208 603 10 -1 -1 -1 -1
1209 604 10 -1 -1 -1 -1
1210 604 10 -1 -1 -1 -1
1211 605 10 -1 -1 -1 -1
1212 605 10 -1 -1 -1 -1
1213 606 10 -1 -1 -1 -1
1214 606 10 -1 -1 -1 -1
1215 607 10 -1 -1 -1 -1
1216 607 10 -1 -1 -1 -1
1217 608 10 -1 -1 -1 -1
1218 608 10 -1 -1 -1 -1
1219 609 10 -1 -1 -1 -1
1220 609 10 -1 -1 -1 -1
1221 610 10 -1 -1 -1 -1
1222 610 10 -1 -1 -1 -1
1223 611 10 -1 -1 -1 -1
1224 611 10 -1 -1 -1 -1
1225 612 10 -1 -1 -1 -1
1226 612 10 -1 -1 -1 -1
1227 613 10 -1 -1 -1 -1
1228 613 10 -1 -1 -1 -1
1229 614 10 -1 -1 -1 -1
1230 614 10 -1 -1 -1 -1
1231 615 10 -1 -1 -1 -1
1232 615 10 -1 -1 -1 -1
1233 616 10 -1 -1 -1 -1
1234 616 10 -1 -1 -1 -1
1235 617 10 -1 -1 -1 -1
1236 617 10 -1 -1 -1 -1
1237 618 10 -1 -1 -1 -1
1238 618 10 -1 -1 -1 -1
1239 619 10 -1 -1 -1 -1
1240 619 10 -1 -1 -1 -1
1241 620 10 -1 -1 -1 -1
1242 620 10 -1 -1 -1 -1
1243 621 10 -1 -1 -1 -1
1244 621 10 -1 -1 -1 -1
1245 622 10 -1 -1 -1 -1
1246 622 10 -1 -1 -1 -1
1247 623 10 -1 -1 -1 -1
1248 623 10 -1 -1 -1 -1
1249 624 10 -1 -1 -1 -1
1250 624 10 -1 -1 -1 -1
1251 625 10 -1 -1 -1 -1
1252 625 10 -1 -1 -1 -1
1253 626 10 -1 -1 -1 -1
1254 626 10 -1 -1 -1 -1
1255 627 10 -1 -1 -1 -1
1256 627 10 -1 -1 -1 -1
1257 628 10 -1 -1 -1 -1
1258 628 10 -1 -1 -1 -1
1259 629 10 -1 -1 -1 -1
1260 629 10 -1 -1 -1 -1
1261 630 10 -1 -1 -1 -1
1262 630 10 -1 -1 -1 -1
1263 631 10 -1 -1 -1 -1
1264 631 10 -1 -1 -1 -1
1265 632 10 -1 -1 -1 -1
1266 632 10 -1 -1 -1 -1
1267 633 10 -1 -1 -1 -1
1268 633 10 -1 -1 -1 -1
1269 634 10 -1 -1 -1 -1
1270 634 10 -1 -1 -1 -1
1271 635 10 -1 -1 -1 -1
1272 635 10 -1 -1 -1 -1
1273 636 10 -1 -1 -1 -1
1274 636 10 -1 -1 -1 -1
1275 637 10 -1 -1 -1 -1
1276 637 10 -1 -1 -1 -1
1277 638 10 -1 -1 -1 -1
1278 638 10 -1 -1 -1 -1
1279 639 10 -1 -1 -1 -1
1280 639 10 -1 -1 -1 -1
1281 640 10 -1 -1 -1 -1
1282 640 10 -1 -1 -1 -1
1283 641 10 -1 -1 -1 -1
1284 641 10 -1 -1 -1 -1
1285 642 10 -1 -1 -1 -1
1286 642 10 -1 -1 -1 -1
1287 643 10 -1 -1 -1 -1
1288 643 10 -1 -1 -1 -1
1289 644 10 -1 -1 -1 -1
1290 644 10 -1 -1 -1 -1
1291 645 10 -1 -1 -1 -1
1292 645 10 -1 -1 -1 -1
1293 646 10 -1 -1 -1 -1
1294 646 10 -1 -1 -1 -1
1295 647 10 -1 -1 -1 -1
1296 647 10 -1 -1 -1 -1
1297 648 10 -1 -1 -1 -1
1298 648 10 -1 -1 -1 -1
1299 649 10 -1 -1 -1 -1
1300 649 10 -1 -1 -1 -1
1301 650 10 -1 -1 -1 -1
1302 650 10 -1 -1 -1 -1
1303 651 10 -1 -1 -1 -1
1304 651 10 -1 -1 -1 -1
1305 652 10 -1 -1 -1 -1
1306 652 10 -1 -1 -1 -1
1307 653 10 -1 -1 -1 -1
1308 653 10 -1 -1 -1 -1
1309 654 10 -1 -1 -1 -1
1310 654 10 -1 -1 -1 -1
1311 655 10 -1 -1 -1 -1
1312 655 10 -1 -1 -1 -1
1313 656 10 -1 -1 -1 -1
1314 656 10 -1 -1 -1 -1
1315 657 10 -1 -1 -1 -1
1316 657 10 -1 -1 -1 -1
1317 658 10 -1 -1 -1 -1
1318 658 10 -1 -1 -1 -1
1319 659 10 -1 -1 -1 -1
1320 659 10 -1 -1 -1 -1
1321 660 10 -1 -1 -1 -1
1322 660 10 -1 -1 -1 -1
1323 661 10 -1 -1 -1 -1
1324 661 10 -1 -1 -1 -1
1325 662 10 -1 -1 -1 -1
1326 662 10 -1 -1 -1 -1
1327 663 10 -1 -1 -1 -1
1328 663 10 -1 -1 -1 -1
1329 664 10 -1 -1 -1 -1
1330 664 10 -1 -1 -1 -1
1331 665 10 -1 -1 -1 -1
1332 665 10 -1 -1 -1 -1
1333 666 10 -1 -1 -1 -1
1334 666 10 -1 -1 -1 -1
1335 667 10 -1 -1 -1 -1
1336 667 10 -1 -1 -1 -1
1337 668 10 -1 -1 -1 -1
1338 668 10 -1 -1 -1 -1
1339 669 10 -1 -1 -1 -1
1340 669 10 -1 -1 -1 -1
1341 670 10 -1 -1 -1 -1
1342 670 10 -1 -1 -1 -1
1343 671 10 -1 -1 -1 -1
1344 671 10 -1 -1 -1 -1
1345 672 10 -1 -1 -1 -1
1346 672 10 -1 -1 -1 -1
1347 673 10 -1 -1 -1 -1
1348 673 10 -1 -1 -1 -1
1349 674 10 -1 -1 -1 -1
1350 674 10 -1 -1 -1 -1
1351 675 10 -1 -1 -1 -1
1352 675 10 -1 -1 -1 -1
1353 676 10 -1 -1 -1 -1
1354 676 10 -1 -1 -1 -1
1355 677 10 -1 -1 -1 -1
1356 677 10 -1 -1 -1 -1
1357 678 10 -1 -1 -1 -1
1358 678 10 -1 -1 -1 -1
1359 679 10 -1 -1 -1 -1
1360 679 10 -1 -1 -1 -1
1361 680 10 -1 -1 -1 -1
1362 680 10 -1 -1 -1 -1
1363 681 10 -1 -1 -1 -1
1364 681 10 -1 -1 -1 -1
1365 682 10 -1 -1 -1 -1
1366 682 10 -1 -1 -1 -1
1367 683 10 -1 -1 -1 -1
1368 683 10 -1 -1 -1 -1
1369 684 10 -1 -1 -1 -1
1370 684 10 -1 -1 -1 -1
1371 685 10 -1 -1 -1 -1
1372 685 10 -1 -1 -1 -1
1373 686 10 -1 -1 -1 -1
1374 686 10 -1 -1 -1 -1
1375 687 10 -1 -1 -1 -1
1376 687 10 -1 -1 -1 -1
1377 688 10 -1 -1 -1 -1
1378 688 10 -1 -1 -1 -1
1379 689 10 -1 -1 -1 -1
1380 689 10 -1 -1 -1 -1
1381 690 10 -1 -1 -1 -1
1382 690 10 -1 -1 -1 -1
1383 691 10 -1 -1 -1 -1
1384 691 10 -1 -1 -1 -1
1385 692 10 -1 -1 -1 -1
1386 692 10 -1 -1 -1 -1
1387 693 10 -1 -1 -1 -1
1388 693 10 -1 -1 -1 -1
1389 694 10 -1 -1 -1 -1
1390 694 10 -1 -1 -1 -1
1391 695 10 -1 -1 -1 -1
1392 695 10 -1 -1 -1 -1
1393 696 10 -1 -1 -1 -1
1394 696 10 -1 -1 -1 -1
1395 697 10 -1 -1 -1 -1
1396 697 10 -1 -1 -1 -1
1397 698 10 -1 -1 -1 -1
1398 698 10 -1 -1 -1 -1
1399 699 10 -1 -1 -1 -1
1400 699 10 -1 -1 -1 -1
1401 700 10 -1 -1 -1 -1
1402 700 10 -1 -1 -1 -1
1403 701 10 -1 -1 -1 -1
1404 701 10 -1 -1 -1 -1
1405 702 10 -1 -1 -1 -1
1406 702 10 -1 -1 -1 -1
1407 703 10 -1 -1 -1 -1
1408 703 10 -1 -1 -1 -1
1409 704 10 -1 -1 -1 -1
1410 704 10 -1 -1 -1 -1
1411 705 10 -1 -1 -1 -1
1412 705 10 -1 -1 -1 -1
1413 706 10 -1 -1 -1 -1
1414 706 10 -1 -1 -1 -1
1415 707 10 -1 -1 -1 -1
1416 707 10 -1 -1 -1 -1
1417 708 10 -1 -1 -1 -1
1418 708 10 -1 -1 -1 -1
1419 709 10 -1 -1 -1 -1
1420 709 10 -1 -1 -1 -1
1421 710 10 -1 -1 -1 -1
1422 710 10 -1 -1 -1 -1
1423 711 10 -1 -1 -1 -1
1424 711 10 -1 -1 -1 -1
1425 712 10 -1 -1 -1 -1
1426 712 10 -1 -1 -1 -1
1427 713 10 -1 -1 -1 -1
1428 713 10 -1 -1 -1 -1
1429 714 10 -1 -1 -1 -1
1430 714 10 -1 -1 -1 -1
1431 715 10 -1 -1 -1 -1
1432 715 10 -1 -1 -1 -1
1433 716 10 -1 -1 -1 -1
1434 716 10 -1 -1 -1 -1
1435 717 10 -1 -1 -1 -1
1436 717 10 -1 -1 -1 -1
1437 718 10 -1 -1 -1 -1
1438 718 10 -1 -1 -1 -1
1439 719 10 -1 -1 -1 -1
1440 719 10 -1 -1 -1 -1
1441 720 10 -1 -1 -1 -1
1442 720 10 -1 -1 -1 -1
1443 721 10 -1 -1 -1 -1
1444 721 10 -1 -1 -1 -1
1445 722 10 -1 -1 -1 -1
1446 722 10 -1 -1 -1 -1
1447 723 10 -1 -1 -1 -1
1448 723 10 -1 -1 -1 -1
1449 724 10 -1 -1 -1 -1
1450 724 10 -1 -1 -1 -1
1451 725 10 -1 -1 -1 -1
1452 725 10 -1 -1 -1 -1
1453 726 10 -1 -1 -1 -1
1454 726 10 -1 -1 -1 -1
1455 727 10 -1 -1 -1 -1
1456 727 10 -1 -1 -1 -1
1457 728 10 -1 -1 -1 -1
1458 728 10 -1 -1 -1 -1
1459 729 10 -1 -1 -1 -1
1460 729 10 -1 -1 -1 -1
1461 730 10 -1 -1 -1 -1
1462 730 10 -1 -1 -1 -1
1463 731 10 -1 -1 -1 -1
1464 731 10 -1 -1 -1 -1
1465 732 10 -1 -1 -1 -1
1466 732 10 -1 -1 -1 -1
1467 733 10 -1 -1 -1 -1
1468 733 10 -1 -1 -1 -1
1469 734 10 -1 -1 -1 -1
1470 734 10 -1 -1 -1 -1
1471 735 10 -1 -1 -1 -1
1472 735 10 -1 -1 -1 -1
1473 736 10 -1 -1 -1 -1
1474 736 10 -1 -1 -1 -1
1475 737 10 -1 -1 -1 -1
1476 737 10 -1 -1 -1 -1
1477 738 10 -1 -1 -1 -1
1478 738 10 -1 -1 -1 -1
1479 739 10 -1 -1 -1 -1
1480 739 10 -1 -1 -1 -1
1481 740 10 -1 -1 -1 -1
1482 740 10 -1 -1 -1 -1
1483 741 10 -1 -1 -1 -1
1484 741 10 -1 -1 -1 -1
1485 742 10 -1 -1 -1 -1
1486 742 10 -1 -1 -1 -1
1487 743 10 -1 -1 -1 -1
1488 743 10 -1 -1 -1 -1
1489 744 10 -1 -1 -1 -1
1490 744 10 -1 -1 -1 -1
1491 745 10 -1 -1 -1 -1
1492 745 10 -1 -1 -1 -1
1493 746 10 -1 -1 -1 -1
1494 746 10 -1 -1 -1 -1
1495 747 10 -1 -1 -1 -1
1496 747 10 -1 -1 -1 -1
1497 748 10 -1 -1 -1 -1
1498 748 10 -1 -1 -1 -1
1499 749 10 -1 -1 -1 -1
1500 749 10 -1 -1 -1 -1
1501 750 10 -1 -1 -1 -1
1502 750 10 -1 -1 -1 -1
1503 751 10 -1 -1 -1 -1
1504 751 10 -1 -1 -1 -1
1505 752 10 -1 -1 -1 -1
1506 752 10 -1 -1 -1 -1
1507 753 10 -1 -1 -1 -1
1508 753 10 -1 -1 -1 -1
1509 754 10 -1 -1 -1 -1
1510 754 10 -1 -1 -1 -1
1511 755 10 -1 -1 -1 -1
1512 755 10 -1 -1 -1 -1
1513 756 10 -1 -1 -1 -1
1514 756 10 -1 -1 -1 -1
1515 757 10 -1 -1 -1 -1
1516 757 10 -1 -1 -1 -1
1517 758 10 -1 -1 -1 -1
1518 758 10 -1 -1 -1 -1
1519 759 10 -1 -1 -1 -1
1520 759 10 -1 -1 -1 -1
1521 760 10 -1 -1 -1 -1
1522 760 10 -1 -1 -1 -1
1523 761 10 -1 -1 -1 -1
1524 761 10 -1 -1 -1 -1
1525 762 10 -1 -1 -1 -1
1526 762 10 -1 -1 -1 -1
1527 763 10 -1 -1 -1 -1
1528 763 10 -1 -1 -1 -1
1529 764 10 -1 -1 -1 -1
1530 764 10 -1 -1 -1 -1
1531 765 10 -1 -1 -1 -1
1532 765 10 -1 -1 -1 -1
1533 766 10 -1 -1 -1 -1
1534 766 10 -1 -1 -1 -1
1535 767 10 -1 -1 -1 -1
1536 767 10 -1 -1 -1 -1
1537 768 10 -1 -1 -1 -1
1538 768 10 -1 -1 -1 -1
1539 769 10 -1 -1 -1 -1
1540 769 10 -1 -1 -1 -1
1541 770 10 -1 -1 -1 -1
1542 770 10 -1 -1 -1 -1
1543 771 10 -1 -1 -1 -1
1544 771 10 -1 -1 -1 -1
1545 772 10 -1 -1 -1 -1
1546 772 10 -1 -1 -1 -1
1547 773 10 -1 -1 -1 -1
1548 773 10 -1 -1 -1 -1
1549 774 10 -1 -1 -1 -1
1550 774 10 -1 -1 -1 -1
1551 775 10 -1 -1 -1 -1
1552 775 10 -1 -1 -1 -1
1553 776 10 -1 -1 -1 -1
1554 776 10 -1 -1 -1 -1
1555 777 10 -1 -1 -1 -1
1556 777 10 -1 -1 -1 -1
1557 778 10 -1 -1 -1 -1
1558 778 10 -1 -1 -1 -1
1559 779 10 -1 -1 -1 -1
1560 779 10 -1 -1 -1 -1
1561 780 10 -1 -1 -1 -1
1562 780 10 -1 -1 -1 -1
1563 781 10 -1 -1 -1 -1
1564 781 10 -1 -1 -1 -1
1565 782 10 -1 -1 -1 -1
1566 782 10 -1 -1 -1 -1
1567 783 10 -1 -1 -1 -1
1568 783 10 -1 -1 -1 -1
1569 784 10 -1 -1 -1 -1
1570 784 10 -1 -1 -1 -1
1571 785 10 -1 -1 -1 -1
1572 785 10 -1 -1 -1 -1
1573 786 10 -1 -1 -1 -1
1574 786 10 -1 -1 -1 -1
1575 787 10 -1 -1 -1 -1
1576 787 10 -1 -1 -1 -1
1577 788 10 -1 -1 -1 -1
1578 788 10 -1 -1 -1 -1
1579 789 10 -1 -1 -1 -1
1580 789 10 -1 -1 -1 -1
1581 790 10 -1 -1 -1 -1
1582 790 10 -1 -1 -1 -1
1583 791 10 -1 -1 -1 -1
1584 791 10 -1 -1 -1 -1
1585 792 10 -1 -1 -1 -1
1586 792 10 -1 -1 -1 -1
1587 793 10 -1 -1 -1 -1
1588 793 10 -1 -1 -1 -1
1589 794 10 -1 -1 -1 -1
1590 794 10 -1 -1 -1 -1
1591 795 10 -1 -1 -1 -1
1592 795 10 -1 -1 -1 -1
1593 796 10 -1 -1 -1 -1
1594 796 10 -1 -1 -1 -1
1595 797 10 -1 -1 -1 -1
1596 797 10 -1 -1 -1 -1
1597 798 10 -1 -1 -1 -1
1598 798 10 -1 -1 -1 -1
1599 799 10 -1 -1 -1 -1
1600 799 10 -1 -1 -1 -1
1601 800 10 -1 -1 -1 -1
1602 800 10 -1 -1 -1 -1
1603 801 10 -1 -1 -1 -1
1604 801 10 -1 -1 -1 -1
1605 802 10 -1 -1 -1 -1
1606 802 10 -1 -1 -1 -1
1607 803 10 -1 -1 -1 -1
1608 803 10 -1 -1 -1 -1
1609 804 10 -1 -1 -1 -1
1610 804 10 -1 -1 -1 -1
1611 805 10 -1 -1 -1 -1
1612 805 10 -1 -1 -1 -1
1613 806 10 -1 -1 -1 -1
1614 806 10 -1 -1 -1 -1
1615 807 10 -1 -1 -1 -1
1616 807 10 -1 -1 -1 -1
1617 808 10 -1 -1 -1 -1
1618 808 10 -1 -1 -1 -1
1619 809 10 -1 -1 -1 -1
1620 809 10 -1 -1 -1 -1
1621 810 10 -1 -1 -1 -1
1622 810 10 -1 -1 -1 -1
1623 811 10 -1 -1 -1 -1
1624 811 10 -1 -1 -1 -1
1625 812 10 -1 -1 -1 -1
1626 812 10 -1 -1 -1 -1
1627 813 10 -1 -1 -1 -1
1628 813 10 -1 -1 -1 -1
1629 814 10 -1 -1 -1 -1
1630 814 10 -1 -1 -1 -1
1631 815 10 -1 -1 -1 -1
1632 815 10 -1 -1 -1 -1
1633 816 10 -1 -1 -1 -1
1634 816 10 -1 -1 -1 -1
1635 817 10 -1 -1 -1 -1
1636 817 10 -1 -1 -1 -1
1637 818 10 -1 -1 -1 -1
1638 818 10 -1 -1 -1 -1
1639 819 10 -1 -1 -1 -1
1640 819 10 -1 -1 -1 -1
1641 820 10 -1 -1 -1 -1
1642 820 10 -1 -1 -1 -1
1643 821 10 -1 -1 -1 -1
1644 821 10 -1 -1 -1 -1
1645 822 10 -1 -1 -1 -1
1646 822 10 -1 -1 -1 -1
1647 823 10 -1 -1 -1 -1
1648 823 10 -1 -1 -1 -1
1649 824 10 -1 -1 -1 -1
1650 824 10 -1 -1 -1 -1
1651 825 10 -1 -1 -1 -1
1652 825 10 -1 -1 -1 -1
1653 826 10 -1 -1 -1 -1
1654 826 10 -1 -1 -1 -1
1655 827 10 -1 -1 -1 -1
1656 827 10 -1 -1 -1 -1
1657 828 10 -1 -1 -1 -1
1658 828 10 -1 -1 -1 -1
1659 829 10 -1 -1 -1 -1
1660 829 10 -1 -1 -1 -1
1661 830 10 -1 -1 -1 -1
1662 830 10 -1 -1 -1 -1
1663 831 10 -1 -1 -1 -1
1664 831 10 -1 -1 -1 -1
1665 832 10 -1 -1 -1 -1
1666 832 10 -1 -1 -1 -1
1667 833 10 -1 -1 -1 -1
1668 833 10 -1 -1 -1 -1
1669 834 10 -1 -1 -1 -1
1670 834 10 -1 -1 -1 -1
1671 835 10 -1 -1 -1 -1
1672 835 10 -1 -1 -1 -1
1673 836 10 -1 -1 -1 -1
1674 836 10 -1 -1 -1 -1
1675 837 10 -1 -1 -1 -1
1676 837 10 -1 -1 -1 -1
1677 838 10 -1 -1 -1 -1
1678 838 10 -1 -1 -1 -1
1679 839 10 -1 -1 -1 -1
1680 839 10 -1 -1 -1 -1
1681 840 10 -1 -1 -1 -1
1682 840 10 -1 -1 -1 -1
1683 841 10 -1 -1 -1 -1
1684 841 10 -1 -1 -1 -1
1685 842 10 -1 -1 -1 -1
1686 842 10 -1 -1 -1 -1
1687 843 10 -1 -1 -1 -1
1688 843 10 -1 -1 -1 -1
1689 844 10 -1 -1 -1 -1
1690 844 10 -1 -1 -1 -1
1691 845 10 -1 -1 -1 -1
1692 845 10 -1 -1 -1 -1
1693 846 10 -1 -1 -1 -1
1694 846 10 -1 -1 -1 -1
1695 847 10 -1 -1 -1 -1
1696 847 10 -1 -1 -1 -1
1697 848 10 -1 -1 -1 -1
1698 848 10 -1 -1 -1 -1
1699 849 10 -1 -1 -1 -1
1700 849 10 -1 -1 -1 -1
1701 850 10 -1 -1 -1 -1
1702 850 10 -1 -1 -1 -1
1703 851 10 -1 -1 -1 -1
1704 851 10 -1 -1 -1 -1
1705 852 10 -1 -1 -1 -1
1706 852 10 -1 -1 -1 -1
1707 853 10 -1 -1 -1 -1
1708 853 10 -1 -1 -1 -1
1709 854 10 -1 -1 -1 -1
1710 854 10 -1 -1 -1 -1
1711 855 10 -1 -1 -1 -1
1712 855 10 -1 -1 -1 -1
1713 856 10 -1 -1 -1 -1
1714 856 10 -1 -1 -1 -1
1715 857 10 -1 -1 -1 -1
1716 857 10 -1 -1 -1 -1
1717 858 10 -1 -1 -1 -1
1718 858 10 -1 -1 -1 -1
1719 859 10 -1 -1 -1 -1
1720 859 10 -1 -1 -1 -1
1721 860 10 -1 -1 -1 -1
1722 860 10 -1 -1 -1 -1
1723 861 10 -1 -1 -1 -1
1724 861 10 -1 -1 -1 -1
1725 862 10 -1 -1 -1 -1
1726 862 10 -1 -1 -1 -1
1727 863 10 -1 -1 -1 -1
1728 863 10 -1 -1 -1 -1
1729 864 10 -1 -1 -1 -1
1730 864 10 -1 -1 -1 -1
1731 865 10 -1 -1 -1 -1
1732 865 10 -1 -1 -1 -1
1733 866 10 -1 -1 -1 -1
1734 866 10 -1 -1 -1 -1
1735 867 10 -1 -1 -1 -1
1736 867 10 -1 -1 -1 -1
1737 868 10 -1 -1 -1 -1
1738 868 10 -1 -1 -1 -1
1739 869 10 -1 -1 -1 -1
1740 869 10 -1 -1 -1 -1
1741 870 10 -1 -1 -1 -1
1742 870 10 -1 -1 -1 -1
1743 871 10 -1 -1 -1 -1
1744 871 10 -1 -1 -1 -1
1745 872 10 -1 -1 -1 -1
1746 872 10 -1 -1 -1 -1
1747 873 10 -1 -1 -1 -1
1748 873 10 -1 -1 -1 -1
1749 874 10 -1 -1 -1 -1
1750 874 10 -1 -1 -1 -1
1751 875 10 -1 -1 -1 -1
1752 875 10 -1 -1 -1 -1
1753 876 10 -1 -1 -1 -1
1754 876 10 -1 -1 -1 -1
1755 877 10 -1 -1 -1 -1
1756 877 10 -1 -1 -1 -1
1757 878 10 -1 -1 -1 -1
1758 878 10 -1 -1 -1 -1
1759 879 10 -1 -1 -1 -1
1760 879 10 -1 -1 -1 -1
1761 880 10 -1 -1 -1 -1
1762 880 10 -1 -1 -1 -1
1763 881 10 -1 -1 -1 -1
1764 881 10 -1 -1 -1 -1
1765 882 10 -1 -1 -1 -1
1766 882 10 -1 -1 -1 -1
1767 883 10 -1 -1 -1 -1
1768 883 10 -1 -1 -1 -1
1769 884 10 -1 -1 -1 -1
1770 884 10 -1 -1 -1 -1
1771 885 10 -1 -1 -1 -1
1772 885 10 -1 -1 -1 -1
1773 886 10 -1 -1 -1 -1
1774 886 10 -1 -1 -1 -1
1775 887 10 -1 -1 -1 -1
1776 887 10 -1 -1 -1 -1
1777 888 10 -1 -1 -1 -1
1778 888 10 -1 -1 -1 -1
1779 889 10 -1 -1 -1 -1
1780 889 10 -1 -1 -1 -1
1781 890 10 -1 -1 -1 -1
1782 890 10 -1 -1 -1 -1
1783 891 10 -1 -1 -1 -1
1784 891 10 -1 -1 -1 -1
1785 892 10 -1 -1 -1 -1
1786 892 10 -1 -1 -1 -1
1787 893 10 -1 -1 -1 -1
1788 893 10 -1 -1 -1 -1
1789 894 10 -1 -1 -1 -1
1790 894 10 -1 -1 -1 -1
1791 895 10 -1 -1 -1 -1
1792 895 10 -1 -1 -1 -1
1793 896 10 -1 -1 -1 -1
1794 896 10 -1 -1 -1 -1
1795 897 10 -1 -1 -1 -1
1796 897 10 -1 -1 -1 -1
1797 898 10 -1 -1 -1 -1
1798 898 10 -1 -1 -1 -1
1799 899 10 -1 -1 -1 -1
1800 899 10 -1 -1 -1 -1
1801 900 10 -1 -1 -1 -1
1802 900 10 -1 -1 -1 -1
1803 901 10 -1 -1 -1 -1
1804 901 10 -1 -1 -1 -1
1805 902 10 -1 -1 -1 -1
1806 902 10 -1 -1 -1 -1
1807 903 10 -1 -1 -1 -1
1808 903 10 -1 -1 -1 -1
1809 904 10 -1 -1 -1 -1
1810 904 10 -1 -1 -1 -1
1811 905 10 -1 -1 -1 -1
1812 905 10 -1 -1 -1 -1
1813 906 10 -1 -1 -1 -1
1814 906 10 -1 -1 -1 -1
1815 907 10 -1 -1 -1 -1
1816 907 10 -1 -1 -1 -1
1817 908 10 -1 -1 -1 -1
1818 908 10 -1 -1 -1 -1
1819 909 10 -1 -1 -1 -1
1820 909 10 -1 -1 -1 -1
1821 910 10 -1 -1 -1 -1
1822 910 10 -1 -1 -1 -1
1823 911 10 -1 -1 -1 -1
1824 911 10 -1 -1 -1 -1
1825 912 10 -1 -1 -1 -1
1826 912 10 -1 -1 -1 -1
1827 913 10 -1 -1 -1 -1
1828 913 10 -1 -1 -1 -1
1829 914 10 -1 -1 -1 -1
1830 914 10 -1 -1 -1 -1
1831 915 10 -1 -1 -1 -1
1832 915 10 -1 -1 -1 -1
1833 916 10 -1 -1 -1 -1
1834 916 10 -1 -1 -1 -1
1835 917 10 -1 -1 -1 -1
1836 917 10 -1 -1 -1 -1
1837 918 10 -1 -1 -1 -1
1838 918 10 -1 -1 -1 -1
1839 919 10 -1 -1 -1 -1
1840 919 10 -1 -1 -1 -1
1841 920 10 -1 -1 -1 -1
1842 920 10 -1 -1 -1 -1
1843 921 10 -1 -1 -1 -1
1844 921 10 -1 -1 -1 -1
1845 922 10 -1 -1 -1 -1
1846 922 10 -1 -1 -1 -1
1847 923 10 -1 -1 -1 -1
1848 923 10 -1 -1 -1 -1
1849 924 10 -1 -1 -1 -1
1850 924 10 -1 -1 -1 -1
1851 925 10 -1 -1 -1 -1
1852 925 10 -1 -1 -1 -1
1853 926 10 -1 -1 -1 -1
1854 926 10 -1 -1 -1 -1
1855 927 10 -1 -1 -1 -1
1856 927 10 -1 -1 -1 -1
1857 928 10 -1 -1 -1 -1
1858 928 10 -1 -1 -1 -1
1859 929 10 -1 -1 -1 -1
1860 929 10 -1 -1 -1 -1
1861 930 10 -1 -1 -1 -1
1862 930 10 -1 -1 -1 -1
1863 931 10 -1 -1 -1 -1
1864 931 10 -1 -1 -1 -1
1865 932 10 -1 -1 -1 -1
1866 932 10 -1 -1 -1 -1
1867 933 10 -1 -1 -1 -1
1868 933 10 -1 -1 -1 -1
1869 934 10 -1 -1 -1 -1
1870 934 10 -1 -1 -1 -1
1871 935 10 -1 -1 -1 -1
1872 935 10 -1 -1 -1 -1
1873 936 10 -1 -1 -1 -1
1874 936 10 -1 -1 -1 -1
1875 937 10 -1 -1 -1 -1
1876 937 10 -1 -1 -1 -1
1877 938 10 -1 -1 -1 -1
1878 938 10 -1 -1 -1 -1
1879 939 10 -1 -1 -1 -1
1880 939 10 -1 -1 -1 -1
1881 940 10 -1 -1 -1 -1
1882 940 10 -1 -1 -1 -1
1883 941 10 -1 -1 -1 -1
1884 941 10 -1 -1 -1 -1
1885 942 10 -1 -1 -1 -1
1886 942 10 -1 -1 -1 -1
1887 943 10 -1 -1 -1 -1
1888 943 10 -1 -1 -1 -1
1889 944 10 -1 -1 -1 -1
1890 944 10 -1 -1 -1 -1
1891 945 10 -1 -1 -1 -1
1892 945 10 -1 -1 -1 -1
1893 946 10 -1 -1 -1 -1
1894 946 10 -1 -1 -1 -1
1895 947 10 -1 -1 -1 -1
1896 947 10 -1 -1 -1 -1
1897 948 10 -1 -1 -1 -1
1898 948 10 -1 -1 -1 -1
1899 949 10 -1 -1 -1 -1
1900 949 10 -1 -1 -1 -1
1901 950 10 -1 -1 -1 -1
1902 950 10 -1 -1 -1 -1
1903 951 10 -1 -1 -1 -1
1904 951 10 -1 -1 -1 -1
1905 952 10 -1 -1 -1 -1
1906 952 10 -1 -1 -1 -1
1907 953 10 -1 -1 -1 -1
1908 953 10 -1 -1 -1 -1
1909 954 10 -1 -1 -1 -1
1910 954 10 -1 -1 -1 -1
1911 955 10 -1 -1 -1 -1
1912 955 10 -1 -1 -1 -1
1913 956 10 -1 -1 -1 -1
1914 956 10 -1 -1 -1 -1
1915 957 10 -1 -1 -1 -1
1916 957 10 -1 -1 -1 -1
1917 958 10 -1 -1 -1 -1
1918 958 10 -1 -1 -1 -1
1919 959 10 -1 -1 -1 -1
1920 959 10 -1 -1 -1 -1
1921 960 10 -1 -1 -1 -1
1922 960 10 -1 -1 -1 -1
1923 961 10 -1 -1 -1 -1
1924 961 10 -1 -1 -1 -1
1925 962 10 -1 -1 -1 -1
1926 962 10 -1 -1 -1 -1
1927 963 10 -1 -1 -1 -1
1928 963 10 -1 -1 -1 -1
1929 964 10 -1 -1 -1 -1
1930 964 10 -1 -1 -1 -1
1931 965 10 -1 -1 -1 -1
1932 965 10 -1 -1 -1 -1
1933 966 10 -1 -1 -1 -1
1934 966 10 -1 -1 -1 -1
1935 967 10 -1 -1 -1 -1
1936 967 10 -1 -1 -1 -1
1937 968 10 -1 -1 -1 -1
1938 968 10 -1 -1 -1 -1
1939 969 10 -1 -1 -1 -1
1940 969 10 -1 -1 -1 -1
1941 970 10 -1 -1 -1 -1
1942 970 10 -1 -1 -1 -1
1943 971 10 -1 -1 -1 -1
1944 971 10 -1 -1 -1 -1
1945 972 10 -1 -1 -1 -1
1946 972 10 -1 -1 -1 -1
1947 973 10 -1 -1 -1 -1
1948 973 10 -1 -1 -1 -1
1949 974 10 -1 -1 -1 -1
1950 974 10 -1 -1 -1 -1
1951 975 10 -1 -1 -1 -1
1952 975 10 -1 -1 -1 -1
1953 976 10 -1 -1 -1 -1
1954 976 10 -1 -1 -1 -1
1955 977 10 -1 -1 -1 -1
1956 977 10 -1 -1 -1 -1
1957 978 10 -1 -1 -1 -1
1958 978 10 -1 -1 -1 -1
1959 979 10 -1 -1 -1 -1
1960 979 10 -1 -1 -1 -1
1961 980 10 -1 -1 -1 -1
1962 980 10 -1 -1 -1 -1
1963 981 10 -1 -1 -1 -1
1964 981 10 -1 -1 -1 -1
1965 982 10 -1 -1 -1 -1
1966 982 10 -1 -1 -1 -1
1967 983 10 -1 -1 -1 -1
1968 983 10 -1 -1 -1 -1
1969 984 10 -1 -1 -1 -1
1970 984 10 -1 -1 -1 -1
1971 985 10 -1 -1 -1 -1
1972 985 10 -1 -1 -1 -1
1973 986 10 -1 -1 -1 -1
1974 986 10 -1 -1 -1 -1
1975 987 10 -1 -1 -1 -1
1976 987 10 -1 -1 -1 -1
1977 988 10 -1 -1 -1 -1
1978 988 10 -1 -1 -1 -1
1979 989 10 -1 -1 -1 -1
1980 989 10 -1 -1 -1 -1
1981 990 10 -1 -1 -1 -1
1982 990 10 -1 -1 -1 -1
1983 991 10 -1 -1 -1 -1
1984 991 10 -1 -1 -1 -1
1985 992 10 -1 -1 -1 -1
1986 992 10 -1 -1 -1 -1
1987 993 10 -1 -1 -1 -1
1988 993 10 -1 -1 -1 -1
1989 994 10 -1 -1 -1 -1
1990 994 10 -1 -1 -1 -1
1991 995 10 -1 -1 -1 -1
1992 995 10 -1 -1 -1 -1
1993 996 10 -1 -1 -1 -1
1994 996 10 -1 -1 -1 -1
1995 997 10 -1 -1 -1 -1
1996 997 10 -1 -1 -1 -1
1997 998 10 -1 -1 -1 -1
1998 998 10 -1 -1 -1 -1
1999 999 10 -1 -1 -1 -1
2000 999 10 -1 -1 -1 -1
2001 1000 10 -1 -1 -1 -1
2002 1000 10 -1 -1 -1 -1
2003 1001 10 -1 -1 -1 -1
2004 1001 10 -1 -1 -1 -1
2005 1002 10 -1 -1 -1 -1
2006 1002 10 -1 -1 -1 -1
2007 1003 10 -1 -1 -1 -1
2008 1003 10 -1 -1 -1 -1
2009 1004 10 -1 -1 -1 -1
2010 1004 10 -1 -1 -1 -1
2011 1005 10 -1 -1 -1 -1
2012 1005 10 -1 -1 -1 -1
2013 1006 10 -1 -1 -1 -1
2014 1006 10 -1 -1 -1 -1
2015 1007 10 -1 -1 -1 -1
2016 1007 10 -1 -1 -1 -1
2017 1008 10 -1 -1 -1 -1
2018 1008 10 -1 -1 -1 -1
2019 1009 10 -1 -1 -1 -1
2020 1009 10 -1 -1 -1 -1
2021 1010 10 -1 -1 -1 -1
2022 1010 10 -1 -1 -1 -1
2023 1011 10 -1 -1 -1 -1
2024 1011 10 -1 -1 -1 -1
2025 1012 10 -1 -1 -1 -1
2026 1012 10 -1 -1 -1 -1
2027 1013 10 -1 -1 -1 -1
2028 1013 10 -1 -1 -1 -1
2029 1014 10 -1 -1 -1 -1
2030 1014 10 -1 -1 -1 -1
2031 1015 10 -1 -1 -1 -1
2032 1015 10 -1 -1 -1 -1
2033 1016 10 -1 -1 -1 -1
2034 1016 10 -1 -1 -1 -1
2035 1017 10 -1 -1 -1 -1
2036 1017 10 -1 -1 -1 -1
2037 1018 10 -1 -1 -1 -1
2038 1018 10 -1 -1 -1 -1
2039 1019 10 -1 -1 -1 -1
2040 1019 10 -1 -1 -1 -1
2041 1020 10 -1 -1 -1 -1
2042 1020 10 -1 -1 -1 -1
2043 1021 10 -1 -1 -1 -1
2044 1021 10 -1 -1 -1 -1
2045 1022 10 -1 -1 -1 -1
2046 1022 10 -1 -1 -1 -1
